22
0. 愚者[4]-[1,23,30,36]
1. 魔术师[4]-[2,5,24,26]
2. 女祭司[4]-[3,25,35,38]
3. 女皇[4]-[4,18,26,29]
4. 皇帝[4]-[5,24,27,38]
5. 教皇[4]-[6,12,28,39]
6. 恋爱[4]-[3,4,7,29]
7. 战车[4]-[8,11,30,40]
8. 力量[4]-[1,8,9,31]
9. 隐者[4]-[10,15,21,30]
10. 命运[4]-[11,14,32,36]
11. 正义[4]-[12,31,33,39]
12. 倒悬者[4]-[13,14,19,26]
13. 死神[4]-[14,20,23,42]
14. 节制[4]-[3,15,17,29]
15. 恶魔[4]-[16,27,34,41]
16. 高塔[4]-[10,13,17,28]
17. 星星[4]-[7,18,20,40]
18. 月亮[4]-[19,25,34,42]
19. 太阳[4]-[18,20,36,37]
20. 审判[4]-[9,12,19,21]
21. 世界[4]-[22,34,37,40]